1000
51 34 61
79 40 83
38 100 15
13 82 4
37 33 85
47 88 38
51 36 99
44 4 23
22 84 76
87 37 39
73 60 73
54 72 3
78 12 26
2 32 95
89 99 82
85 16 71
44 27 57
13 17 1
76 78 55
78 13 34
80 22 42
96 33 27
95 44 79
75 30 25
51 37 95
97 10 17
51 7 31
67 45 84
97 18 34
73 41 26
2 72 59
75 63 74
55 4 97
98 29 77
41 5 75
38 13 28
68 23 92
41 48 10
62 90 75
13 45 52
60 83 20
85 2 99
36 98 27
20 41 6
19 57 99
4 87 25
11 69 57
8 78 93
51 16 83
72 36 27
82 24 95
34 9 32
90 37 82
38 4 1
76 86 17
100 66 7
38 91 22
24 66 29
40 29 7
38 87 35
95 33 26
22 64 65
48 46 58
76 27 10
57 48 78
67 77 35
83 53 23
59 60 85
45 61 96
50 36 93
50 27 13
54 99 95
78 100 69
85 12 5
86 54 55
94 54 91
69 18 21
59 31 96
98 23 27
60 98 27
28 12 87
12 9 17
72 68 30
9 100 8
69 25 52
73 94 6
38 36 53
50 91 58
56 6 32
81 64 71
45 24 7
75 76 37
29 42 62
35 35 60
25 68 86
28 14 70
43 30 26
71 28 4
25 63 58
73 81 29
53 5 47
63 93 100
84 69 3
16 48 34
49 79 11
7 84 22
60 38 13
15 100 82
87 47 83
14 58 26
5 47 66
47 12 95
25 43 2
94 24 53
20 94 40
70 25 2
48 19 14
99 60 89
46 59 25
5 85 97
10 34 82
22 61 99
49 97 30
84 79 77
84 75 56
14 12 58
14 60 30
15 90 92
55 65 61
21 99 3
6 57 10
3 82 67
17 8 18
42 67 14
77 61 9
86 98 75
94 30 1
1 73 59
57 28 81
94 62 11
82 79 96
7 56 41
13 62 100
53 85 73
63 74 95
45 4 63
100 64 45
69 11 77
86 92 88
76 84 67
44 5 97
13 9 61
86 14 22
100 9 27
89 8 11
87 57 12
66 15 25
8 3 76
15 28 37
38 20 36
82 45 77
96 55 72
84 48 1
86 89 75
90 93 62
61 56 2
50 20 90
17 24 45
57 92 78
50 65 61
48 86 21
89 11 13
81 58 33
94 30 67
10 67 92
22 95 30
100 74 54
59 98 12
50 22 39
7 13 96
75 91 13
77 88 1
2 42 20
97 58 73
36 67 58
72 82 11
20 60 5
31 40 41
94 73 33
92 67 54
79 37 2
87 37 36
16 66 92
2 98 62
55 71 19
83 88 33
77 46 25
95 24 55
20 56 46
90 63 36
63 39 40
53 22 1
16 66 96
26 2 42
65 18 82
95 22 15
3 96 47
63 42 23
19 25 7
30 57 67
47 68 48
41 31 52
16 93 89
24 57 9
95 52 21
59 19 85
52 37 89
23 34 79
86 67 92
4 42 74
80 66 44
94 29 61
24 1 68
10 22 55
47 27 41
83 56 97
72 73 82
40 76 92
17 79 13
22 54 16
23 100 5
67 54 42
16 96 54
43 47 33
13 46 10
70 42 40
73 66 59
8 7 32
1 22 6
34 27 91
94 11 37
23 1 19
97 16 13
30 5 25
53 61 85
20 73 91
30 25 5
67 88 33
10 72 100
41 97 68
17 42 4
56 43 8
49 73 97
47 52 75
22 75 38
7 79 5
23 7 39
50 78 61
11 97 8
75 97 59
39 68 89
76 77 73
23 68 11
82 93 96
56 61 7
34 74 94
1 69 27
77 21 90
97 88 98
13 98 74
38 2 57
33 70 76
22 15 99
27 39 58
12 98 95
8 88 1
90 14 81
98 28 93
26 4 85
74 32 16
93 85 66
100 31 11
91 77 4
73 94 45
77 76 20
60 81 83
98 22 42
13 63 44
85 96 27
2 57 53
16 12 2
65 77 35
66 98 21
40 32 40
15 19 12
1 74 53
7 95 21
25 65 34
47 88 70
71 81 41
88 98 52
33 18 17
10 34 81
5 21 40
68 85 59
17 36 76
48 77 79
28 74 83
74 98 45
10 36 76
55 58 79
76 47 70
62 17 11
56 92 59
63 4 15
16 43 68
75 40 70
17 73 94
98 80 87
28 46 55
53 89 74
16 5 23
58 86 97
23 65 87
5 77 3
55 93 15
46 54 18
16 20 13
67 14 93
57 76 70
1 42 57
16 39 79
90 98 72
22 97 31
53 48 96
74 77 38
82 98 10
8 34 45
16 81 32
54 6 54
23 8 13
69 3 81
81 79 13
67 43 16
38 3 52
4 64 27
93 81 97
54 47 14
27 81 7
6 68 91
36 60 91
18 89 10
93 37 34
21 80 63
42 67 86
54 83 44
76 58 19
20 46 39
29 36 86
99 3 95
56 44 57
97 69 86
81 64 70
92 80 87
97 44 60
2 96 76
77 46 98
82 56 91
58 36 22
34 67 6
47 74 14
0 44 99
85 85 34
20 62 88
99 95 91
17 26 74
87 37 94
98 38 32
76 10 62
45 39 5
71 59 9
24 64 84
38 68 94
37 62 67
44 95 98
46 65 73
52 79 8
80 33 25
65 91 93
78 56 13
53 92 12
84 58 8
42 91 58
84 26 67
79 91 11
52 44 12
50 45 96
10 33 56
12 55 55
16 53 10
31 9 91
2 21 41
73 9 85
47 27 8
92 10 71
38 15 17
100 91 18
83 98 82
0 99 43
2 1 3
44 7 12
84 71 12
29 16 45
91 63 31
100 89 76
82 86 16
18 56 55
13 64 55
59 30 79
56 87 92
84 95 42
52 71 98
78 3 72
66 96 69
65 77 76
45 58 33
98 57 37
17 53 33
13 68 39
34 14 7
61 87 41
68 45 5
25 25 97
56 57 34
89 74 71
97 96 54
28 13 37
91 25 16
13 15 75
1 7 59
24 84 57
76 21 60
56 80 4
67 53 15
53 48 15
54 31 99
67 68 52
93 24 72
83 21 71
79 6 20
80 2 41
79 46 84
5 47 9
100 1 1
4 86 31
19 32 69
46 100 80
38 27 52
42 4 54
96 100 18
10 33 21
12 3 26
56 48 75
87 22 56
0 55 55
70 57 74
76 85 40
14 98 61
25 24 95
28 44 77
18 22 25
52 68 11
10 38 38
99 92 60
57 53 73
91 86 25
93 79 38
2 67 55
87 63 16
83 12 56
65 89 98
82 89 7
29 37 5
77 31 9
70 35 42
55 94 27
26 92 27
17 31 57
35 64 17
95 92 84
99 35 58
7 33 36
44 33 42
60 68 69
100 61 33
100 6 31
44 52 32
87 63 13
59 78 24
75 28 25
27 86 68
46 100 56
92 100 81
10 87 38
29 25 59
13 62 69
15 74 4
16 88 96
51 65 58
39 43 22
0 39 48
40 31 94
25 54 15
90 16 86
7 78 53
33 84 61
31 80 31
1 94 5
82 55 91
34 38 11
54 8 62
20 98 70
89 21 73
25 23 43
69 74 98
32 67 10
41 87 80
24 98 37
22 89 58
56 56 52
58 20 22
21 88 44
14 81 78
57 41 42
48 52 2
56 82 23
73 67 79
6 74 32
45 38 11
11 83 30
97 24 78
20 60 75
82 35 76
49 32 95
37 21 1
95 62 96
26 7 46
68 94 26
41 35 64
3 38 18
43 99 74
23 21 97
60 86 100
76 7 28
20 2 14
44 26 6
33 44 96
17 75 28
21 52 78
93 8 68
28 81 52
58 99 46
63 18 95
11 72 92
88 40 84
12 7 78
31 10 68
93 21 57
23 7 3
91 77 63
38 18 74
15 72 4
29 71 99
12 8 16
28 1 34
49 60 88
55 47 53
66 26 38
18 82 44
51 16 84
1 54 73
32 60 75
59 75 48
61 34 14
100 91 42
61 18 70
63 73 6
98 42 24
2 93 86
75 18 15
84 5 4
93 73 87
19 53 6
67 48 15
100 39 9
45 54 78
10 22 75
36 93 63
40 5 31
64 38 29
49 78 52
74 86 76
9 3 8
96 23 79
18 18 95
63 5 13
97 83 99
31 9 89
79 100 64
51 82 15
12 39 71
67 10 77
5 98 52
69 44 38
67 56 15
56 83 72
67 3 26
75 53 41
84 98 55
19 87 86
69 77 100
35 22 38
23 36 86
0 71 40
35 97 48
47 32 85
100 68 14
65 39 45
6 36 66
74 24 4
72 45 65
46 60 37
81 69 83
79 67 41
85 93 63
8 100 13
16 35 59
59 30 95
17 69 21
24 8 15
31 83 25
39 62 100
81 40 43
91 2 82
74 13 7
60 34 72
51 9 46
40 58 61
66 16 67
68 6 13
16 20 69
37 43 86
3 66 73
4 64 60
48 69 67
5 42 25
38 86 11
46 13 67
88 93 40
55 32 37
52 23 15
100 91 95
32 10 75
0 2 42
53 97 9
39 68 98
63 53 74
39 5 87
64 96 55
95 20 58
84 58 56
7 38 80
65 81 74
55 71 46
64 81 11
49 34 10
99 58 92
83 89 31
99 13 4
22 42 25
74 32 14
3 40 45
97 40 88
7 21 17
5 100 52
99 92 73
61 11 30
68 76 65
4 38 5
57 75 37
34 29 37
94 13 95
91 24 30
33 60 68
53 90 67
94 41 86
37 33 18
6 27 73
38 31 43
2 100 54
2 86 38
84 40 70
77 65 16
89 48 41
73 44 1
3 19 75
0 92 67
61 12 61
38 55 3
98 41 60
97 14 17
98 83 39
86 33 83
55 55 17
8 87 8
81 88 84
26 57 61
14 89 2
11 45 87
50 66 61
54 86 32
39 85 37
65 77 89
13 28 46
88 98 54
97 7 12
100 55 38
7 68 97
50 82 26
42 35 78
11 92 53
36 69 53
75 36 52
19 90 69
6 45 79
22 28 37
52 72 19
41 85 26
34 10 100
60 29 94
52 27 39
56 65 95
61 6 25
79 88 11
55 80 45
82 77 39
12 71 89
86 23 47
13 55 55
47 85 3
55 37 9
37 3 58
47 2 34
99 99 99
26 63 84
34 98 65
60 81 24
14 84 31
36 4 21
88 55 34
60 52 78
86 15 32
19 54 59
82 47 46
88 17 98
66 25 14
52 39 2
38 4 40
46 18 82
55 82 21
41 85 37
99 97 98
16 74 2
64 16 62
23 70 19
100 31 47
59 89 41
54 70 59
98 87 25
75 52 73
94 29 22
20 46 23
36 98 30
41 67 73
89 86 90
93 62 88
49 37 81
96 97 9
75 23 60
28 37 95
83 27 46
75 31 59
42 8 52
77 75 53
48 100 7
52 71 59
77 18 99
69 91 72
34 15 71
30 83 16
85 9 98
21 53 4
22 2 57
34 85 73
46 13 17
57 10 21
76 41 73
23 3 100
61 63 52
81 13 32
6 37 12
41 88 72
31 3 8
87 20 40
38 13 25
61 89 91
96 23 25
98 6 75
70 72 24
97 81 53
30 74 67
42 33 8
48 100 27
58 12 24
52 91 16
73 100 14
71 83 38
75 33 74
23 7 57
97 10 91
36 64 15
90 77 46
70 16 5
33 39 73
16 86 46
41 32 82
60 2 68
14 33 90
46 4 73
19 77 96
65 34 26
45 12 15
32 68 96
100 26 16
88 56 9
53 66 72
73 35 23
42 62 90
79 26 26
19 38 41
95 53 33
98 85 64
5 66 37
10 9 17
17 78 67
48 62 3
92 38 94
26 20 90
17 46 54
11 45 47
44 62 13
62 46 8
64 15 25
77 28 9
100 27 67
37 54 52
61 9 64
96 2 72
76 23 47
89 80 48
43 97 35
99 62 71
21 28 21
67 19 16
31 43 35
88 17 100
41 98 74
61 38 36
34 29 29
100 54 94
66 69 9
24 26 19
92 7 98
13 69 20
60 57 42
100 28 10
0 32 79
99 8 47
13 15 91
50 42 68
96 46 59
57 38 52
2 36 39
75 96 31
42 13 34
42 25 39
33 29 79
8 67 44
44 88 41
74 86 67
46 83 61
68 88 5
31 20 6
0 42 24
78 12 41
10 33 33
41 58 27
10 37 85
90 48 65
61 58 61
4 95 82
16 79 40
86 7 52
100 35 40
96 28 17
95 88 7
82 94 57
46 69 58
28 2 36
42 63 85
93 26 48
19 59 93
93 28 75
74 76 22
44 68 69
2 77 57
36 87 6
82 19 81
85 85 71
87 12 14
73 93 3
76 87 22
23 79 47
25 85 66
80 5 56
61 11 61
27 56 28
99 8 69
39 72 57
63 75 34
43 9 84
40 87 59
33 56 65
95 11 94
8 44 91
91 65 22
19 67 40
28 88 81
36 54 38
21 57 20
32 27 27
86 75 33
8 92 17
75 56 53
100 98 41
28 96 15
83 41 63
0 54 4
32 74 85
33 17 14
22 41 17
84 98 25
55 3 20
88 76 98
100 89 79
61 71 58
11 5 82
73 43 35
91 88 3
53 28 74
67 43 20
35 72 76
51 57 31
24 60 67
43 81 99
36 61 83
56 22 38
84 79 48
4 25 17
100 90 10
50 69 97
49 43 41
62 57 13
93 6 84
47 1 94
62 24 38
89 42 1
66 22 24
57 66 7
77 67 94
52 60 75
98 100 65
72 84 72
84 90 42
59 8 29
79 87 63
50 22 62
35 16 42
49 48 55
45 39 23
